start=1236.652000
edition=0
panscan=0.100000
